"Origin Movement ID","Origin Display Name","Destination Movement ID","Destination Display Name","Date Range","Mean Travel Time (Seconds)","Range - Lower Bound Travel Time (Seconds)","Range - Upper Bound Travel Time (Seconds)"
"193","Unnamed Road, Usmanpur, Shahdara, Delhi","1","300 Ring Road, Block CB, Naraina Village, Naraina, New Delhi","11/2/2016 - 11/2/2016, Every day, AM Peak",2398,1666,3451
"193","Unnamed Road, Usmanpur, Shahdara, Delhi","2","Unnamed Road, Delhi Cantonment, New Delhi","11/2/2016 - 11/2/2016, Every day, AM Peak",2301,1636,3235
"193","Unnamed Road, Usmanpur, Shahdara, Delhi","3","Unnamed Road, Mahipalpur, New Delhi","11/2/2016 - 11/2/2016, Every day, AM Peak",2397,1866,3079
"193","Unnamed Road, Usmanpur, Shahdara, Delhi","4","P-268/3, Rock View, Delhi Cantonment, Delhi","11/2/2016 - 11/2/2016, Every day, AM Peak",2483,1973,3124
"193","Unnamed Road, Usmanpur, Shahdara, Delhi","5","Old Palam Road, Delhi Cantonment, New Delhi","11/2/2016 - 11/2/2016, Every day, AM Peak",2624,2096,3283
"193","Unnamed Road, Usmanpur, Shahdara, Delhi","6","Unnamed Road, CVD Line, Delhi Cantonment, New Delhi","11/2/2016 - 11/2/2016, Every day, AM Peak",2368,1976,2837
"193","Unnamed Road, Usmanpur, Shahdara, Delhi","7","P 13, Baird Place, Delhi Cantonment, New Delhi","11/2/2016 - 11/2/2016, Every day, AM Peak",2368,1866,3003
"193","Unnamed Road, Usmanpur, Shahdara, Delhi","8","Mall Road, Khyber Lines, Delhi Cantonment, New Delhi","11/2/2016 - 11/2/2016, Every day, AM Peak",1925,1479,2504
"193","Unnamed Road, Usmanpur, Shahdara, Delhi","9","Mahatma Jyothi Rao Phule Marg, Mahatma Jyoti Rao Phule Marg Area, New Delhi","11/2/2016 - 11/2/2016, Every day, AM Peak",721,471,1103
"193","Unnamed Road, Usmanpur, Shahdara, Delhi","10","0 Shaheed Bhagat Singh Marg, DIZ Staff Quarters, Connaught Place, New Delhi","11/2/2016 - 11/2/2016, Every day, AM Peak",1098,718,1676
"193","Unnamed Road, Usmanpur, Shahdara, Delhi","11","Mother Teresa Crescent, Talkatora Garden, Central Ridge Reserve Forest, New Delhi","11/2/2016 - 11/2/2016, Every day, AM Peak",1496,1117,2003
"193","Unnamed Road, Usmanpur, Shahdara, Delhi","12","Jantar Mantar Road, Janpath, Connaught Place, New Delhi","11/2/2016 - 11/2/2016, Every day, AM Peak",1039,713,1512
"193","Unnamed Road, Usmanpur, Shahdara, Delhi","13","10, Aurangzeb Road, New Delhi","11/2/2016 - 11/2/2016, Every day, AM Peak",962,679,1360
"193","Unnamed Road, Usmanpur, Shahdara, Delhi","14","Mahatma Gandhi Road, Kidwai Nagar West, Kidwai Nagar, New Delhi","11/2/2016 - 11/2/2016, Every day, AM Peak",1189,837,1688
"193","Unnamed Road, Usmanpur, Shahdara, Delhi","15","H205, Block H, Sarojini Nagar, New Delhi","11/2/2016 - 11/2/2016, Every day, AM Peak",1423,1071,1890
"193","Unnamed Road, Usmanpur, Shahdara, Delhi","16","Andre Malraux Marg, Ramnagar, Chanakyapuri, New Delhi","11/2/2016 - 11/2/2016, Every day, AM Peak",1345,981,1843
"193","Unnamed Road, Usmanpur, Shahdara, Delhi","17","0 Khanna Market Road, Aliganj, Lodi Colony, New Delhi","11/2/2016 - 11/2/2016, Every day, AM Peak",1039,690,1563
"193","Unnamed Road, Usmanpur, Shahdara, Delhi","18","Unnamed Road, Lal Qila, Chandni Chowk, New Delhi","11/2/2016 - 11/2/2016, Every day, AM Peak",234,105,520
"193","Unnamed Road, Usmanpur, Shahdara, Delhi","19","Mirdard Road, 64 Khamba, Maulana Azad Medical College Campus, New Delhi","11/2/2016 - 11/2/2016, Every day, AM Peak",649,385,1092
"193","Unnamed Road, Usmanpur, Shahdara, Delhi","24","268, Block B2, Shiv Nagar, Janakpuri, New Delhi","11/2/2016 - 11/2/2016, Every day, AM Peak",2665,2174,3266
"193","Unnamed Road, Usmanpur, Shahdara, Delhi","25","nullNehru Vihar Road, B Block, A Block, Nehru Vihar, Mukherjee Nagar, Delhi","11/2/2016 - 11/2/2016, Every day, AM Peak",845,611,1166
"193","Unnamed Road, Usmanpur, Shahdara, Delhi","26","A3-214, Asalatpur Village, Janakpuri, Delhi","11/2/2016 - 11/2/2016, Every day, AM Peak",2555,2214,2948
"193","Unnamed Road, Usmanpur, Shahdara, Delhi","27","0 Ram Mandir Marg, C5B Block, Janakpuri, New Delhi","11/2/2016 - 11/2/2016, Every day, AM Peak",2866,2483,3307
"193","Unnamed Road, Usmanpur, Shahdara, Delhi","28","nullSchool Road, Block M, Uttam Nagar, Delhi","11/2/2016 - 11/2/2016, Every day, AM Peak",2738,2643,2836
"193","Unnamed Road, Usmanpur, Shahdara, Delhi","32","METRO MALL, Pocket 1, Sector 14 Dwarka, Dwarka, New Delhi","11/2/2016 - 11/2/2016, Every day, AM Peak",3998,3092,5168
"193","Unnamed Road, Usmanpur, Shahdara, Delhi","34","5/3, East Nathu Colony, GTB Enclave, Dilshad Garden, Delhi","11/2/2016 - 11/2/2016, Every day, AM Peak",927,591,1452
"193","Unnamed Road, Usmanpur, Shahdara, Delhi","35","A/15, Block A, Dilshad Colony New Simapuri, Dilshad Garden, Delhi","11/2/2016 - 11/2/2016, Every day, AM Peak",1294,917,1825
"193","Unnamed Road, Usmanpur, Shahdara, Delhi","40","Gali Saini Tent, Ram Nagar, Shahdara, Delhi","11/2/2016 - 11/2/2016, Every day, AM Peak",591,409,852
"193","Unnamed Road, Usmanpur, Shahdara, Delhi","41","Lala Raghubar Dayal Marg, Phase 4, Block B, Subhash Park, Shahdara, Delhi","11/2/2016 - 11/2/2016, Every day, AM Peak",555,355,867
"193","Unnamed Road, Usmanpur, Shahdara, Delhi","42","Street Number 30/6, New Seelampur, Chauhan Banger, Shahdara, Delhi","11/2/2016 - 11/2/2016, Every day, AM Peak",1082,558,2097
"193","Unnamed Road, Usmanpur, Shahdara, Delhi","43","A537, New Seelampur Phase II, New Seelampur, Shahdara, Delhi","11/2/2016 - 11/2/2016, Every day, AM Peak",437,240,793
"193","Unnamed Road, Usmanpur, Shahdara, Delhi","44","100 Maujpur Main Road, Maujpur, Shahdara, Delhi","11/2/2016 - 11/2/2016, Every day, AM Peak",1265,709,2254
"193","Unnamed Road, Usmanpur, Shahdara, Delhi","46","256, Block C 2, Bhajanpura, Tukhmirpur, Delhi","11/2/2016 - 11/2/2016, Every day, AM Peak",680,373,1237
"193","Unnamed Road, Usmanpur, Shahdara, Delhi","52","202, Block D, Ganga Vihar, Gokalpuri, Delhi","11/2/2016 - 11/2/2016, Every day, AM Peak",930,677,1275
"193","Unnamed Road, Usmanpur, Shahdara, Delhi","53","Sewa Dham Road, Saboli, Delhi","11/2/2016 - 11/2/2016, Every day, AM Peak",1280,832,1969
"193","Unnamed Road, Usmanpur, Shahdara, Delhi","57","Angad Singh Marg, Nehru Vihar, Block B, Old Mustafabad, New Mustafabad, Delhi","11/2/2016 - 11/2/2016, Every day, AM Peak",684,410,1141
"193","Unnamed Road, Usmanpur, Shahdara, Delhi","58","Pushta Road, Block A, Rajiv Nagar, Sonia Vihar, Delhi","11/2/2016 - 11/2/2016, Every day, AM Peak",479,261,876
"193","Unnamed Road, Usmanpur, Shahdara, Delhi","60","nullGali Number 31, Sonia Vihar, New Delhi","11/2/2016 - 11/2/2016, Every day, AM Peak",190,106,339
"193","Unnamed Road, Usmanpur, Shahdara, Delhi","61","Unnamed Road, National Zoological Park, Sundar Nagar, New Delhi","11/2/2016 - 11/2/2016, Every day, AM Peak",443,209,935
"193","Unnamed Road, Usmanpur, Shahdara, Delhi","62","D/116, Jeewan Nagar, Sunlight Colony, New Delhi","11/2/2016 - 11/2/2016, Every day, AM Peak",487,239,990
"193","Unnamed Road, Usmanpur, Shahdara, Delhi","63","Jawaharlal Nehru Stadium Marg, CGO Complex, Pragati Vihar, New Delhi","11/2/2016 - 11/2/2016, Every day, AM Peak",840,496,1420
"193","Unnamed Road, Usmanpur, Shahdara, Delhi","64","6/37, Vikram Vihar, Lajpat Nagar IV, Lajpat Nagar, New Delhi","11/2/2016 - 11/2/2016, Every day, AM Peak",784,467,1315
"193","Unnamed Road, Usmanpur, Shahdara, Delhi","65","Shaheed Jeet Singh Marg, NCERT Campus, Qutab Institutional Area, New Delhi","11/2/2016 - 11/2/2016, Every day, AM Peak",1764,1326,2345
"193","Unnamed Road, Usmanpur, Shahdara, Delhi","66","nullBhagat Singh Market Marg, Block K, Malviya Nagar, New Delhi","11/2/2016 - 11/2/2016, Every day, AM Peak",1678,1210,2326
"193","Unnamed Road, Usmanpur, Shahdara, Delhi","67","63/33, Hudco Place, Andrews Ganj Extension, Andrews Ganj, New Delhi","11/2/2016 - 11/2/2016, Every day, AM Peak",926,609,1407
"193","Unnamed Road, Usmanpur, Shahdara, Delhi","68","0 Paschimi Marg, Block E, Vasant Vihar, New Delhi","11/2/2016 - 11/2/2016, Every day, AM Peak",2229,1753,2832
"193","Unnamed Road, Usmanpur, Shahdara, Delhi","69","1129, Sector 2 R K Puram, Sector 2, RK Puram, New Delhi","11/2/2016 - 11/2/2016, Every day, AM Peak",1834,1343,2503
"193","Unnamed Road, Usmanpur, Shahdara, Delhi","70","G288, Sector 3, Block G, Nanak Pura, South Moti Bagh, New Delhi","11/2/2016 - 11/2/2016, Every day, AM Peak",1843,1403,2420
"193","Unnamed Road, Usmanpur, Shahdara, Delhi","71","JNU Ring Road, Jawaharlal Nehru University, New Delhi","11/2/2016 - 11/2/2016, Every day, AM Peak",2015,1536,2641
"193","Unnamed Road, Usmanpur, Shahdara, Delhi","72","7/254, Dakshinpuri Extension, Block 7, Sector 6, Dakshinpuri, New Delhi","11/2/2016 - 11/2/2016, Every day, AM Peak",1618,1169,2238
"193","Unnamed Road, Usmanpur, Shahdara, Delhi","73","0 Central Avenue, Block E, Sainik Farm, New Delhi","11/2/2016 - 11/2/2016, Every day, AM Peak",2051,1476,2848
"193","Unnamed Road, Usmanpur, Shahdara, Delhi","74","F-269, Ambedkar Nagar, Block F, Sector 5, Dakshinpuri, New Delhi","11/2/2016 - 11/2/2016, Every day, AM Peak",1895,1408,2549
"193","Unnamed Road, Usmanpur, Shahdara, Delhi","76","124, SPG Quarters, Sector 4, Pushp Vihar, New Delhi","11/2/2016 - 11/2/2016, Every day, AM Peak",1850,1320,2591
"193","Unnamed Road, Usmanpur, Shahdara, Delhi","77","0 Mehrauli - Badarpur Road, Tughlakabad Institutional Area, Vayusenabad, New Delhi","11/2/2016 - 11/2/2016, Every day, AM Peak",2031,1263,3265
"193","Unnamed Road, Usmanpur, Shahdara, Delhi","80","E-492, Block E, Greater Kailash II, Greater Kailash, New Delhi","11/2/2016 - 11/2/2016, Every day, AM Peak",1611,1043,2487
"193","Unnamed Road, Usmanpur, Shahdara, Delhi","81","126, Block L 1, Alaknanda, New Delhi","11/2/2016 - 11/2/2016, Every day, AM Peak",1517,1052,2186
"193","Unnamed Road, Usmanpur, Shahdara, Delhi","82","286, Asian Games Village Complex, Siri Fort, New Delhi","11/2/2016 - 11/2/2016, Every day, AM Peak",1471,999,2164
"193","Unnamed Road, Usmanpur, Shahdara, Delhi","83","C2, Block C, Kailash Colony, Greater Kailash, New Delhi","11/2/2016 - 11/2/2016, Every day, AM Peak",1235,855,1783
"193","Unnamed Road, Usmanpur, Shahdara, Delhi","84","nullMathura Road, Friends Colony West, Block A, New Friends Colony, New Delhi","11/2/2016 - 11/2/2016, Every day, AM Peak",631,322,1233
"193","Unnamed Road, Usmanpur, Shahdara, Delhi","85","Outer Ring Road, Block 13, Nehru Enclave East, Okhla Industrial Area, New Delhi","11/2/2016 - 11/2/2016, Every day, AM Peak",1236,850,1796
"193","Unnamed Road, Usmanpur, Shahdara, Delhi","86","100 Kalkaji Main Road, Bhoomiheen Camp, Govindpuri, New Delhi","11/2/2016 - 11/2/2016, Every day, AM Peak",1496,961,2327
"193","Unnamed Road, Usmanpur, Shahdara, Delhi","87","0 Maharaja Agarsen Marg, Subash Khand, Giri Nagar, Kalkaji, New Delhi","11/2/2016 - 11/2/2016, Every day, AM Peak",1232,796,1905
"193","Unnamed Road, Usmanpur, Shahdara, Delhi","88","Krishan Marg, Tughlaqabad Village, Tughlakabad, New Delhi","11/2/2016 - 11/2/2016, Every day, AM Peak",1363,900,2063
"193","Unnamed Road, Usmanpur, Shahdara, Delhi","89","A15/2, Chungi No 2, Kotla Mahingiran, Lal Kuan, New Delhi","11/2/2016 - 11/2/2016, Every day, AM Peak",1216,960,1539
"193","Unnamed Road, Usmanpur, Shahdara, Delhi","90","C-86, Pocket C, Okhla Phase I, Okhla Industrial Area, New Delhi","11/2/2016 - 11/2/2016, Every day, AM Peak",1281,746,2198
"193","Unnamed Road, Usmanpur, Shahdara, Delhi","91","nullTum Road, Sanjay Colony II, Sanjay Colony, Okhla Phase II, Okhla Industrial Area, New Delhi","11/2/2016 - 11/2/2016, Every day, AM Peak",1026,656,1603
"193","Unnamed Road, Usmanpur, Shahdara, Delhi","94","2212, Gautampuri Awas, Badarpur, New Delhi","11/2/2016 - 11/2/2016, Every day, AM Peak",1418,914,2199
"193","Unnamed Road, Usmanpur, Shahdara, Delhi","96","0 Street Number 9, Noor Nagar Extension, Noor Nagar, Okhla, New Delhi","11/2/2016 - 11/2/2016, Every day, AM Peak",748,457,1223
"193","Unnamed Road, Usmanpur, Shahdara, Delhi","100","Maharishi Balmiki Marg, Police Colony, Sarai Khalil, Sadar Bazaar, New Delhi","11/2/2016 - 11/2/2016, Every day, AM Peak",1017,684,1511
"193","Unnamed Road, Usmanpur, Shahdara, Delhi","101","4900 Ramdwara Road, Chuna Mandi, Aram Bagh, Paharganj, New Delhi","11/2/2016 - 11/2/2016, Every day, AM Peak",1231,879,1723
"193","Unnamed Road, Usmanpur, Shahdara, Delhi","103","nullDasghara Road, Dasghara, New Delhi","11/2/2016 - 11/2/2016, Every day, AM Peak",1807,1365,2391
"193","Unnamed Road, Usmanpur, Shahdara, Delhi","105","nullGoswami Girdhari Lal Marg, Industrial Area Phase I, Block C, Naraina Industrial Area Phase 1, Naraina, New Delhi","11/2/2016 - 11/2/2016, Every day, AM Peak",2358,1645,3379
"193","Unnamed Road, Usmanpur, Shahdara, Delhi","106","IGNOU Residential Campus Road, Rocky Area, Stone Quarries, Maidan Garhi, New Delhi","11/2/2016 - 11/2/2016, Every day, AM Peak",2386,1765,3224
"193","Unnamed Road, Usmanpur, Shahdara, Delhi","107","1100 Zia UL Haq Road, Block A1, Chattarpur, Chhattarpur, New Delhi","11/2/2016 - 11/2/2016, Every day, AM Peak",2741,2238,3356
"193","Unnamed Road, Usmanpur, Shahdara, Delhi","108","Unnamed Road, Block G, Bhim Basti, Jaunapur, New Delhi","11/2/2016 - 11/2/2016, Every day, AM Peak",3286,2713,3978
"193","Unnamed Road, Usmanpur, Shahdara, Delhi","109","Main Chhatarpur Road, Bhatti Kalan, New Delhi","11/2/2016 - 11/2/2016, Every day, AM Peak",2330,1941,2795
"193","Unnamed Road, Usmanpur, Shahdara, Delhi","110","Pusta Road, Madanpur Khadar Phase 3, Madanpur Khadar, New Delhi","11/2/2016 - 11/2/2016, Every day, AM Peak",1278,739,2209
"193","Unnamed Road, Usmanpur, Shahdara, Delhi","111","61 TO 80, Pocket J, Sarita Vihar, New Delhi","11/2/2016 - 11/2/2016, Every day, AM Peak",680,252,1827
"193","Unnamed Road, Usmanpur, Shahdara, Delhi","112","F-8, West Chandra Nagar, Chander Nagar, Krishna Nagar, Delhi","11/2/2016 - 11/2/2016, Every day, AM Peak",548,356,841
"193","Unnamed Road, Usmanpur, Shahdara, Delhi","113","P-132, Anarkali Colony, Krishna Nagar, Delhi","11/2/2016 - 11/2/2016, Every day, AM Peak",807,621,1048
"193","Unnamed Road, Usmanpur, Shahdara, Delhi","114","9/434, Gandhi Nagar, Seelampur, Shahdara, Delhi","11/2/2016 - 11/2/2016, Every day, AM Peak",613,194,1930
"193","Unnamed Road, Usmanpur, Shahdara, Delhi","115","0 Street Number 3, Azad Nagar, Azad Nagar East, Seelampur, Krishna Nagar, Delhi","11/2/2016 - 11/2/2016, Every day, AM Peak",532,437,647
"193","Unnamed Road, Usmanpur, Shahdara, Delhi","116","9/5284, Shanti Mohalla, Seelampur, Shahdara, Delhi","11/2/2016 - 11/2/2016, Every day, AM Peak",485,287,818
"193","Unnamed Road, Usmanpur, Shahdara, Delhi","117","B533, Bhola Nath Nagar, Block B, Shahdara, Delhi","11/2/2016 - 11/2/2016, Every day, AM Peak",634,447,898
"193","Unnamed Road, Usmanpur, Shahdara, Delhi","118","0 Circular Road, Jawala Nagar, Shahdara, Delhi","11/2/2016 - 11/2/2016, Every day, AM Peak",1187,859,1639
"193","Unnamed Road, Usmanpur, Shahdara, Delhi","119","81, Zulfe Bengal, Dilshad Garden, Delhi","11/2/2016 - 11/2/2016, Every day, AM Peak",951,665,1358
"193","Unnamed Road, Usmanpur, Shahdara, Delhi","120","50, Pocket J & K, Dilshad Garden, Delhi","11/2/2016 - 11/2/2016, Every day, AM Peak",1192,826,1718
"193","Unnamed Road, Usmanpur, Shahdara, Delhi","121","22/55, West Punjabi Bagh, Punjabi Bagh, Delhi","11/2/2016 - 11/2/2016, Every day, AM Peak",2195,1636,2943
"193","Unnamed Road, Usmanpur, Shahdara, Delhi","122","2600 Mandir Wali Gali, Ranjeet Nagar, Shadipur, Delhi","11/2/2016 - 11/2/2016, Every day, AM Peak",2049,1568,2676
"193","Unnamed Road, Usmanpur, Shahdara, Delhi","123","Loknath Marg, Block M, Kirti Nagar, New Delhi","11/2/2016 - 11/2/2016, Every day, AM Peak",2125,1598,2824
"193","Unnamed Road, Usmanpur, Shahdara, Delhi","124","30, 31, Block B, Mansarover Garden, New Delhi","11/2/2016 - 11/2/2016, Every day, AM Peak",2415,1701,3427
"193","Unnamed Road, Usmanpur, Shahdara, Delhi","127","NDPL House, Lala Achintaram Marg, Block B, Gujranwala Town, Delhi","11/2/2016 - 11/2/2016, Every day, AM Peak",1286,892,1853
"193","Unnamed Road, Usmanpur, Shahdara, Delhi","128","0 Shakti Mandir Marg, Block 10, Shakti Nagar, Delhi","11/2/2016 - 11/2/2016, Every day, AM Peak",1224,769,1946
"193","Unnamed Road, Usmanpur, Shahdara, Delhi","129","Gali Number 8, Anand Parbat, New Delhi","11/2/2016 - 11/2/2016, Every day, AM Peak",1311,926,1855
"193","Unnamed Road, Usmanpur, Shahdara, Delhi","130","Bhagat Singh Marg, Kashmiri Bagh, Chandra Shekhar Azad Colony, Sarai Rohilla, New Delhi","11/2/2016 - 11/2/2016, Every day, AM Peak",1023,691,1513
"193","Unnamed Road, Usmanpur, Shahdara, Delhi","131","4400 Gali Bahuji, Pahari Dhiraj, Sadar Bazaar, Delhi","11/2/2016 - 11/2/2016, Every day, AM Peak",763,494,1177
"193","Unnamed Road, Usmanpur, Shahdara, Delhi","132","1600 Lothian Road, Chabi Ganj, Kashmere Gate, New Delhi","11/2/2016 - 11/2/2016, Every day, AM Peak",336,142,789
"193","Unnamed Road, Usmanpur, Shahdara, Delhi","133","0 Raj Niwas Marg, Ludlow Castle, Civil Lines, Delhi","11/2/2016 - 11/2/2016, Every day, AM Peak",580,377,890
"193","Unnamed Road, Usmanpur, Shahdara, Delhi","134","Hotel de Romana, Kasturba Hospital Marg, Kalan Mahal, Old Delhi, New Delhi","11/2/2016 - 11/2/2016, Every day, AM Peak",556,323,955
"193","Unnamed Road, Usmanpur, Shahdara, Delhi","143","nullRoad Number 221, Pocket 1, Sector 10 Dwarka, Dwarka, Delhi","11/2/2016 - 11/2/2016, Every day, AM Peak",3647,2950,4507
"193","Unnamed Road, Usmanpur, Shahdara, Delhi","145","0 Trilok Puri Road, Block 15, Part 2, Mayur Vihar Phase 1, New Delhi","11/2/2016 - 11/2/2016, Every day, AM Peak",677,436,1049
"193","Unnamed Road, Usmanpur, Shahdara, Delhi","146","nullKotla Road, Pocket F2, Pocket 1, Sector 11F, Rohini, Delhi","11/2/2016 - 11/2/2016, Every day, AM Peak",2527,1868,3417
"193","Unnamed Road, Usmanpur, Shahdara, Delhi","147","0 Trilok Puri Road, Subhash Market, Block 15, Part 2, Mayur Vihar Phase 1, New Delhi","11/2/2016 - 11/2/2016, Every day, AM Peak",831,575,1200
"193","Unnamed Road, Usmanpur, Shahdara, Delhi","148","Unnamed Road, Patparganj, New Delhi","11/2/2016 - 11/2/2016, Every day, AM Peak",298,120,734
"193","Unnamed Road, Usmanpur, Shahdara, Delhi","149","Bharati Road, Block C 2, Block D, New Ashok Nagar, Delhi","11/2/2016 - 11/2/2016, Every day, AM Peak",628,331,1190
"193","Unnamed Road, Usmanpur, Shahdara, Delhi","151","Shaheed Budh Ram Singh Marg, Dallupura, New Delhi","11/2/2016 - 11/2/2016, Every day, AM Peak",882,586,1325
"193","Unnamed Road, Usmanpur, Shahdara, Delhi","152","nullGharoli Main Road, Kondli Extension, Kondli, Delhi","11/2/2016 - 11/2/2016, Every day, AM Peak",1310,1034,1659
"193","Unnamed Road, Usmanpur, Shahdara, Delhi","153","0 Vivekanand Marg, Pocket A 3, Sector C, Mayur Vihar Phase III, नई दिल्ली","11/2/2016 - 11/2/2016, Every day, AM Peak",1305,1134,1501
"193","Unnamed Road, Usmanpur, Shahdara, Delhi","154","nullGali Number 6, Block B, Block D, Vinod Nagar North, Delhi","11/2/2016 - 11/2/2016, Every day, AM Peak",376,228,617
"193","Unnamed Road, Usmanpur, Shahdara, Delhi","155","Maharaja Agaersen Road, Block D, Pocket D, Phase 1, Ashok Vihar, Delhi","11/2/2016 - 11/2/2016, Every day, AM Peak",1435,1189,1730
"193","Unnamed Road, Usmanpur, Shahdara, Delhi","156","Doctor Satpal Sachdeva Marg, Keshav Puram, Tri Nagar, Delhi","11/2/2016 - 11/2/2016, Every day, AM Peak",1773,1316,2387
"193","Unnamed Road, Usmanpur, Shahdara, Delhi","159","300 Maharishi Balmiki Mandir Marg, Block H, Shakurpur Colony, Pitampura, Delhi","11/2/2016 - 11/2/2016, Every day, AM Peak",2083,1521,2851
"193","Unnamed Road, Usmanpur, Shahdara, Delhi","160","23, Shiva Enclave, Pitampura, Delhi","11/2/2016 - 11/2/2016, Every day, AM Peak",1744,1361,2233
"193","Unnamed Road, Usmanpur, Shahdara, Delhi","161","nullLawrence Road, Rampura Industrial Area, Tri Nagar, Delhi","11/2/2016 - 11/2/2016, Every day, AM Peak",2005,1437,2797
"193","Unnamed Road, Usmanpur, Shahdara, Delhi","163","0 Guru Harkishan Marg, Maulana Azad Society, Bhagwan Buddha Housing Corporation Society, Pitampura, Delhi","11/2/2016 - 11/2/2016, Every day, AM Peak",1878,1438,2451
"193","Unnamed Road, Usmanpur, Shahdara, Delhi","165","31, Cottage Enclave, Paschim Vihar, Delhi","11/2/2016 - 11/2/2016, Every day, AM Peak",2123,1660,2714
"193","Unnamed Road, Usmanpur, Shahdara, Delhi","166","nullRBI Enclave Road, Ankur Enclave, Paschim Vihar, Delhi","11/2/2016 - 11/2/2016, Every day, AM Peak",2232,1718,2899
"193","Unnamed Road, Usmanpur, Shahdara, Delhi","167","nullShaheed Udham Singh Marg, AE Block, Poorbi Shalimar Bag, Shalimar Bagh, Delhi","11/2/2016 - 11/2/2016, Every day, AM Peak",1502,1234,1827
"193","Unnamed Road, Usmanpur, Shahdara, Delhi","169","G-9, Block F 1U, Ranikhet, Pitampura, Delhi","11/2/2016 - 11/2/2016, Every day, AM Peak",1481,1244,1763
"193","Unnamed Road, Usmanpur, Shahdara, Delhi","170","nullColony Road, Block QP, Poorvi Pitampura, Pitampura, Delhi","11/2/2016 - 11/2/2016, Every day, AM Peak",1690,1345,2122
"193","Unnamed Road, Usmanpur, Shahdara, Delhi","171","nullG Block Road, Pocket 21, Sector 7G, Rohini, Delhi","11/2/2016 - 11/2/2016, Every day, AM Peak",2032,1678,2460
"193","Unnamed Road, Usmanpur, Shahdara, Delhi","172","nullShiva Road, Pocket 14, Sector 8D, Rohini, Delhi","11/2/2016 - 11/2/2016, Every day, AM Peak",1759,1382,2238
"193","Unnamed Road, Usmanpur, Shahdara, Delhi","173","Unnamed Road, Swarn Jayanti Park, Sector 10, Rohini, Delhi","11/2/2016 - 11/2/2016, Every day, AM Peak",1990,1647,2403
"193","Unnamed Road, Usmanpur, Shahdara, Delhi","175","235, Block E, Block E, Mangolpuri, Delhi","11/2/2016 - 11/2/2016, Every day, AM Peak",1969,1505,2574
"193","Unnamed Road, Usmanpur, Shahdara, Delhi","176","B7-187, Pocket 7, Sector 3B, Rohini, Delhi","11/2/2016 - 11/2/2016, Every day, AM Peak",1891,1639,2180
"193","Unnamed Road, Usmanpur, Shahdara, Delhi","179","0 AB Road, Block RR, Mianwali Nagar, Paschim Vihar, Delhi","11/2/2016 - 11/2/2016, Every day, AM Peak",2450,1816,3304
"193","Unnamed Road, Usmanpur, Shahdara, Delhi","186","14, Sector 21, Rohini, Delhi","11/2/2016 - 11/2/2016, Every day, AM Peak",2803,2211,3552
"193","Unnamed Road, Usmanpur, Shahdara, Delhi","188","12/188, Shastri Nagar, Geeta Colony, New Delhi","11/2/2016 - 11/2/2016, Every day, AM Peak",225,119,421
"193","Unnamed Road, Usmanpur, Shahdara, Delhi","189","F22, Block F, Krishna Nagar, Delhi","11/2/2016 - 11/2/2016, Every day, AM Peak",201,98,408
"193","Unnamed Road, Usmanpur, Shahdara, Delhi","190","F-33, Block F, Preet Vihar, Delhi","11/2/2016 - 11/2/2016, Every day, AM Peak",688,456,1036
"193","Unnamed Road, Usmanpur, Shahdara, Delhi","191","0 Hasanpur, I.P.Extension, Patparganj, Delhi","11/2/2016 - 11/2/2016, Every day, AM Peak",618,405,941
"193","Unnamed Road, Usmanpur, Shahdara, Delhi","192","0 Bhartendu Harish Chandra Marg, Ram Vihar, Anand Vihar, Delhi","11/2/2016 - 11/2/2016, Every day, AM Peak",1017,756,1367
"193","Unnamed Road, Usmanpur, Shahdara, Delhi","194","nullGali Number 1, Block G, Block A, Shakarpur, Delhi","11/2/2016 - 11/2/2016, Every day, AM Peak",331,184,592
"193","Unnamed Road, Usmanpur, Shahdara, Delhi","195","F-208/C, Block F, Laxmi Nagar, New Delhi","11/2/2016 - 11/2/2016, Every day, AM Peak",387,231,648
"193","Unnamed Road, Usmanpur, Shahdara, Delhi","196","nullSir Chotu Ram Marg, Pocket 4, Sector 6C, Rohini, Delhi","11/2/2016 - 11/2/2016, Every day, AM Peak",2568,1819,3625
"193","Unnamed Road, Usmanpur, Shahdara, Delhi","197","177-B, Mayur Vihar Phase 2, Pocket B, Mayur Vihar, New Delhi","11/2/2016 - 11/2/2016, Every day, AM Peak",515,331,801
"193","Unnamed Road, Usmanpur, Shahdara, Delhi","198","Gouri Sankar Road, Railway Colony, Mandawali, New Delhi","11/2/2016 - 11/2/2016, Every day, AM Peak",962,708,1306
"193","Unnamed Road, Usmanpur, Shahdara, Delhi","200","Dabri - Gurgaon Road, Pocket 2, Sector 1 Dwarka, Dwarka, New Delhi","11/2/2016 - 11/2/2016, Every day, AM Peak",3293,2582,4199
"193","Unnamed Road, Usmanpur, Shahdara, Delhi","204","0 East Patel Nagar Road, Block 10A, East Patel Nagar, Patel Nagar, New Delhi","11/2/2016 - 11/2/2016, Every day, AM Peak",1772,1410,2225
"193","Unnamed Road, Usmanpur, Shahdara, Delhi","207","0 Maharana Pratap Road, Block 53, Karol Bagh, New Delhi","11/2/2016 - 11/2/2016, Every day, AM Peak",1436,998,2065
"193","Unnamed Road, Usmanpur, Shahdara, Delhi","208","Desh Bandhu Gupta Road, Block E, Jhandewalan Extension, Jhandewalan, New Delhi","11/2/2016 - 11/2/2016, Every day, AM Peak",1267,899,1783
"193","Unnamed Road, Usmanpur, Shahdara, Delhi","209","nullMaharaja Agarsen Marg, Block A, CC Colony, Kalyan Vihar, नई दिल्ली","11/2/2016 - 11/2/2016, Every day, AM Peak",1144,774,1690
"193","Unnamed Road, Usmanpur, Shahdara, Delhi","212","Bawana Road, Sector 30, Rohini, Delhi","11/2/2016 - 11/2/2016, Every day, AM Peak",2770,2078,3691
"193","Unnamed Road, Usmanpur, Shahdara, Delhi","214","Doctor Bhim Rao Ambedkar Marg, Block H, Malka Ganj, Delhi","11/2/2016 - 11/2/2016, Every day, AM Peak",699,451,1083
"193","Unnamed Road, Usmanpur, Shahdara, Delhi","215","Unnamed Road, Bagiabad, Jharoda Majra Burari, Delhi","11/2/2016 - 11/2/2016, Every day, AM Peak",1018,837,1236
"193","Unnamed Road, Usmanpur, Shahdara, Delhi","216","0 Main Canal Road, Harit Vihar, Mukandpur Part 2, Mukundpur, Delhi","11/2/2016 - 11/2/2016, Every day, AM Peak",1283,1110,1481
"193","Unnamed Road, Usmanpur, Shahdara, Delhi","218","nullTandoor Wali Gali, Swami Shraddhanand Park, Bhalswa Dairy, Jahangirpura, Delhi","11/2/2016 - 11/2/2016, Every day, AM Peak",1365,1068,1743
"193","Unnamed Road, Usmanpur, Shahdara, Delhi","219","461, Block AG, Sanjay Gandhi Transport Nagar, Delhi","11/2/2016 - 11/2/2016, Every day, AM Peak",1488,1166,1897
"193","Unnamed Road, Usmanpur, Shahdara, Delhi","221","Srinagar - Kanyakumari Highway, Bhalswa Jahangirpuri, Jahangirpuri, Delhi","11/2/2016 - 11/2/2016, Every day, AM Peak",1410,1123,1769
"193","Unnamed Road, Usmanpur, Shahdara, Delhi","222","Sector E, Mahipalpur Village, Vasant Kunj, New Delhi","11/2/2016 - 11/2/2016, Every day, AM Peak",3122,2545,3828
"193","Unnamed Road, Usmanpur, Shahdara, Delhi","223","Urban Extension Road II, Indira Gandhi International Airport, New Delhi","11/2/2016 - 11/2/2016, Every day, AM Peak",3335,2694,4128
"193","Unnamed Road, Usmanpur, Shahdara, Delhi","224","Main Road, Bharthal, Sector 27 Dwarka, Bharthal, New Delhi","11/2/2016 - 11/2/2016, Every day, AM Peak",4007,3221,4984
"193","Unnamed Road, Usmanpur, Shahdara, Delhi","225","0 Netaji Road, A Block, Block C, Adarsh Nagar, Delhi","11/2/2016 - 11/2/2016, Every day, AM Peak",1518,1102,2089
"193","Unnamed Road, Usmanpur, Shahdara, Delhi","226","Unnamed Road, Model Town, Delhi","11/2/2016 - 11/2/2016, Every day, AM Peak",1084,849,1383
"193","Unnamed Road, Usmanpur, Shahdara, Delhi","227","300 Lok Marg, Dhaka Colony, Mukherjee Nagar, Delhi","11/2/2016 - 11/2/2016, Every day, AM Peak",1037,724,1485
"193","Unnamed Road, Usmanpur, Shahdara, Delhi","228","0 Lucknow Road, Banarsi Das Estate, Timarpur, Delhi","11/2/2016 - 11/2/2016, Every day, AM Peak",761,503,1150
"193","Unnamed Road, Usmanpur, Shahdara, Delhi","229","200 Road Number 28, Nehru Nagar, Shivaji Place, Basai Dara pur, Tagore Garden Extension, New Delhi","11/2/2016 - 11/2/2016, Every day, AM Peak",2242,1723,2915
"193","Unnamed Road, Usmanpur, Shahdara, Delhi","231","G-17/6, Block G, Rajouri Garden, New Delhi","11/2/2016 - 11/2/2016, Every day, AM Peak",2316,1723,3111
"193","Unnamed Road, Usmanpur, Shahdara, Delhi","232","4-3, Mayapuri Industrial Area Phase II, Mayapuri, New Delhi","11/2/2016 - 11/2/2016, Every day, AM Peak",2703,2290,3189
"193","Unnamed Road, Usmanpur, Shahdara, Delhi","233","nullSatguru Ram Singh Marg, Block B, Mayapuri Industrial Area Phase I, Mayapuri, New Delhi","11/2/2016 - 11/2/2016, Every day, AM Peak",2431,1735,3405
"193","Unnamed Road, Usmanpur, Shahdara, Delhi","234","113, Press Colony, Press Colony, Mayapuri, New Delhi","11/2/2016 - 11/2/2016, Every day, AM Peak",2552,1894,3438
"193","Unnamed Road, Usmanpur, Shahdara, Delhi","235","nullBharat Vihar Road, Block G, Raja Puri, Matiala, Delhi","11/2/2016 - 11/2/2016, Every day, AM Peak",3951,3261,4785
"193","Unnamed Road, Usmanpur, Shahdara, Delhi","240","37, Sector 15, Pocket 6, Sector 15B, Rohini, Delhi","11/2/2016 - 11/2/2016, Every day, AM Peak",1669,1342,2075
"193","Unnamed Road, Usmanpur, Shahdara, Delhi","242","nullGali Number 2, Jagjeet Nagar, Shahdara, Delhi","11/2/2016 - 11/2/2016, Every day, AM Peak",633,206,1942
"193","Unnamed Road, Usmanpur, Shahdara, Delhi","244","Dhingra Park Trail, Punjabi Bagh Cooperative Housing Soceity, East Punjabi Bagh, Punjabi Bagh, Delhi","11/2/2016 - 11/2/2016, Every day, AM Peak",2182,1563,3045
"193","Unnamed Road, Usmanpur, Shahdara, Delhi","246","nullShiv Mandir Marg, Block G, Lajpat Nagar I, Lajpat Nagar, New Delhi","11/2/2016 - 11/2/2016, Every day, AM Peak",692,349,1370
"193","Unnamed Road, Usmanpur, Shahdara, Delhi","247","9/2082, Pocket 2, Block RZ, Palam Colony, New Delhi","11/2/2016 - 11/2/2016, Every day, AM Peak",3278,2549,4215
"193","Unnamed Road, Usmanpur, Shahdara, Delhi","248","Unnamed Road, Harijan Basti, Rajokri, New Delhi","11/2/2016 - 11/2/2016, Every day, AM Peak",3324,2664,4147
"193","Unnamed Road, Usmanpur, Shahdara, Delhi","249","46, M.S Park, Vishwas Nagar, Shahdara, Delhi","11/2/2016 - 11/2/2016, Every day, AM Peak",967,701,1332
"193","Unnamed Road, Usmanpur, Shahdara, Delhi","251","A25, Block R, Pocket A, Rajender Nagar Part 1, New Rajinder Nagar, New Delhi","11/2/2016 - 11/2/2016, Every day, AM Peak",1500,1192,1886
"193","Unnamed Road, Usmanpur, Shahdara, Delhi","252","813, Sector 1, RK Puram, New Delhi","11/2/2016 - 11/2/2016, Every day, AM Peak",1514,1118,2049
"193","Unnamed Road, Usmanpur, Shahdara, Delhi","253","0 Chaudhary Harsukh Marg, B6, Block B6, Humayunpur, Safdarjung Enclave, New Delhi","11/2/2016 - 11/2/2016, Every day, AM Peak",1313,917,1879
"193","Unnamed Road, Usmanpur, Shahdara, Delhi","254","Squadron Leader Mohinder Kumar Jain Marg, Block B, New Delhi","11/2/2016 - 11/2/2016, Every day, AM Peak",1499,1059,2120
"193","Unnamed Road, Usmanpur, Shahdara, Delhi","255","1700 Uday Chand Marg, Arya Basti, Zafar Nagar, Kotla Mubarakpur, South Extension I, New Delhi","11/2/2016 - 11/2/2016, Every day, AM Peak",1069,709,1609
"193","Unnamed Road, Usmanpur, Shahdara, Delhi","256","D-70, Mahavir Enclave I, Mahavir Enclave Part 2, Mahavir Enclave, New Delhi","11/2/2016 - 11/2/2016, Every day, AM Peak",3182,2445,4140
"193","Unnamed Road, Usmanpur, Shahdara, Delhi","259","Jogging Lane, Pocket B-C, Sector-A, Vasant Kunj, New Delhi","11/2/2016 - 11/2/2016, Every day, AM Peak",2014,1575,2574
"193","Unnamed Road, Usmanpur, Shahdara, Delhi","261","Nangli Ibrahimpur Road, Kadipur, Kushak Colony, Kadipur Village, Delhi","11/2/2016 - 11/2/2016, Every day, AM Peak",1209,1002,1458
"193","Unnamed Road, Usmanpur, Shahdara, Delhi","263","200 Pirwali Gali, Block P, Block P, Patparganj, New Delhi","11/2/2016 - 11/2/2016, Every day, AM Peak",431,234,791
"193","Unnamed Road, Usmanpur, Shahdara, Delhi","264","Noida Link Road, Nehru Enclave, Shakarpur Khas, New Delhi","11/2/2016 - 11/2/2016, Every day, AM Peak",293,152,563
"193","Unnamed Road, Usmanpur, Shahdara, Delhi","265","0 Lane Number 8, Krishan Kunj Extension Part 2, Block G, Vishwakarma Park, Laxmi Nagar, Delhi","11/2/2016 - 11/2/2016, Every day, AM Peak",210,100,438
"193","Unnamed Road, Usmanpur, Shahdara, Delhi","266","Yamuna Marginal Bandh Marg, Block A, Shastri Park, Jagjit Nagar, New Delhi","11/2/2016 - 11/2/2016, Every day, AM Peak",503,178,1419
"193","Unnamed Road, Usmanpur, Shahdara, Delhi","267","nullPanduk Shila Marg, Kaithwara Jagjivan Nagar, New Usmanpur, Shahdara, Delhi","11/2/2016 - 11/2/2016, Every day, AM Peak",336,156,719
"193","Unnamed Road, Usmanpur, Shahdara, Delhi","268","null5th Pustha Road, Block B, Bhajanpura, Shahdara, Delhi","11/2/2016 - 11/2/2016, Every day, AM Peak",463,266,805
"193","Unnamed Road, Usmanpur, Shahdara, Delhi","272","Anuvrat Marg, Butterfly Park, Qila Rai Pithora, Mehrauli, New Delhi","11/2/2016 - 11/2/2016, Every day, AM Peak",2238,1787,2801
"193","Unnamed Road, Usmanpur, Shahdara, Delhi","275","125/16, Jogabai Extension, Zakir Nagar, Okhla, New Delhi","11/2/2016 - 11/2/2016, Every day, AM Peak",184,50,668
"193","Unnamed Road, Usmanpur, Shahdara, Delhi","277","700 Outer Ring Road, Bhalswa Jahangir Village, Jahangirpuri, नई दिल्ली","11/2/2016 - 11/2/2016, Every day, AM Peak",1252,1049,1493
"193","Unnamed Road, Usmanpur, Shahdara, Delhi","279","Nightingale Road, Budella, Vikaspuri, Delhi","11/2/2016 - 11/2/2016, Every day, AM Peak",2777,2105,3662
"193","Unnamed Road, Usmanpur, Shahdara, Delhi","282","Velodrome Road, Gandhi Smriti, Raj Ghat, New Delhi","11/2/2016 - 11/2/2016, Every day, AM Peak",275,96,780
"193","Unnamed Road, Usmanpur, Shahdara, Delhi","287","L47, Block L, Shastri Nagar, Delhi","11/2/2016 - 11/2/2016, Every day, AM Peak",1365,912,2042